FORMAT:           OCCAM2MTDATA_1.0
TITLE:            MTpy-OccamDatafile, Profile=90.1 deg, Strike=0.1 deg
SITES:            13
   GEO
   GEO
   GEO
   GEO
   GEO
   GEO
   GEO
   GEO
   GEO
   GEO
   GEO
   GEO
   GEO
OFFSETS (M):      
   0.0
   0.0
   14.3
   43.3
   76.7
   78.6
   89.4
   90.1
   116.8
   127.5
   130.4
   132.1
   333.9
FREQUENCIES:      10
   1.000000e-03
   4.641589e-03
   2.154435e-02
   1.000000e-01
   4.641589e-01
   2.154435e+00
   1.000000e+01
   4.641589e+01
   2.154435e+02
   1.000000e+03
DATA BLOCKS:      318
SITE  FREQ  TYPE   DATUM    ERROR   
  1     8     1      3.3684   0.0434
  1     8     2     26.2333   2.8660
  1     8     3      0.1539   0.1000
  1     8     4      0.1598   0.1000
  1     8     5      2.6460   0.0434
  1     8     6     31.8432   2.8660
  1     9     1      3.1192   0.0434
  1     9     2     28.0128   2.8660
  1     9     3      0.2865   0.1000
  1     9     4      0.0175   0.1000
  1     9     5      2.4189   0.0434
  1     9     6     25.3943   2.8660
  1     10    1      2.7892   0.0434
  1     10    2     21.0253   2.8660
  1     10    3      0.0490   0.1000
  1     10    4     -0.0597   0.1000
  1     10    5      2.2526   0.0434
  1     10    6     38.4682   2.8660
  2     2     1      4.1474   0.1432
  2     2     2     45.6589   9.4907
  2     2     3     20.0351   0.1000
  2     2     4    -49.2334   0.1000
  2     2     5      3.9497   0.2307
  2     2     6     63.4180  15.4003
  2     3     1      4.0846   0.1478
  2     3     2     41.0004   9.7940
  2     3     3      3.9044   0.1000
  2     3     4     -1.2509   0.1000
  2     3     5      4.1392   0.1142
  2     3     6     33.8645   7.5569
  2     4     1      4.5483   0.0434
  2     4     2     28.5063   2.8660
  2     4     3      1.2073   0.1000
  2     4     4     32.5850   0.1000
  2     4     5      3.9113   0.0492
  2     4     6     17.0331   3.2446
  2     5     1      3.9030   0.0473
  2     5     2     34.9054   3.1187
  2     5     3    -45.6921   0.1000
  2     5     4    228.1669   0.1000
  2     5     5      3.4427   0.0516
  2     5     6     28.7631   3.4090
  2     6     1      3.4308   0.0434
  2     6     2     38.9972   2.8660
  2     6     3      1.7999   0.1000
  2     6     4      3.5457   0.1000
  2     6     5      2.7255   0.0434
  2     6     6     38.1921   2.8660
  2     7     1      3.3652   0.0434
  2     7     2     24.3435   2.8660
  2     7     3      0.2801   0.1000
  2     7     4      0.1362   0.1000
  2     7     5      2.6895   0.0434
  2     7     6     40.3772   2.8660
  2     8     1      3.0276   0.0434
  2     8     2     24.4920   2.8660
  2     8     3      0.0605   0.1000
  2     8     4      0.1320   0.1000
  2     8     5      2.6170   0.0434
  2     8     6     26.3855   2.8660
  2     9     1      2.7901   0.0434
  2     9     2     25.3605   2.8660
  2     9     3      0.2283   0.1000
  2     9     4     -0.0159   0.1000
  2     9     5      2.2567   0.0434
  2     9     6     25.8127   2.8660
  2     10    1      2.5574   0.0434
  2     10    2     24.9569   2.8660
  2     10    3      0.1807   0.1000
  2     10    4      0.0769   0.1000
  2     10    5      2.0971   0.0434
  2     10    6     33.8125   2.8660
  3     8     1      2.8418   0.0434
  3     8     2     27.7828   2.8660
  3     8     3      0.5011   0.1000
  3     8     4     -0.0334   0.1000
  3     8     5      2.5815   0.0434
  3     8     6     32.0741   2.8660
  3     9     1      2.5693   0.0434
  3     9     2     28.7898   2.8660
  3     9     3      0.4442   0.1000
  3     9     4      0.0155   0.1000
  3     9     5      2.3224   0.0434
  3     9     6     28.1221   2.8660
  3     10    1      2.3218   0.0434
  3     10    2     25.3079   2.8660
  3     10    3      0.4079   0.1000
  3     10    4     -0.2506   0.1000
  3     10    5      2.0801   0.0434
  3     10    6     35.8197   2.8660
  4     8     1      2.7941   0.0434
  4     8     2     27.2937   2.8660
  4     8     3      0.1309   0.1000
  4     8     4     -0.0097   0.1000
  4     8     5      2.9771   0.0434
  4     8     6     30.6107   2.8660
  4     9     1      2.5553   0.0434
  4     9     2     30.2498   2.8660
  4     9     3      0.6219   0.1000
  4     9     4      0.0034   0.1000
  4     9     5      2.6703   0.0434
  4     9     6     32.1180   2.8660
  4     10    1      2.2672   0.0434
  4     10    2     25.6153   2.8660
  4     10    3      0.3690   0.1000
  4     10    4     -0.1758   0.1000
  4     10    5      2.2223   0.0434
  4     10    6     31.8925   2.8660
  5     3     1      3.2457   0.1926
  5     3     2     39.1627  12.8109
  5     3     3      1.4631   0.1000
  5     3     4     -1.2349   0.1000
  5     3     5      2.8095   0.2742
  5     3     6     29.1024  18.4017
  5     4     1      4.0484   0.0778
  5     4     2     24.3942   5.1419
  5     4     3     -2.9449   0.1000
  5     4     4     40.2261   0.1000
  5     4     5      3.6495   0.1102
  5     4     6     14.3882   7.2880
  5     5     1      3.3362   0.0745
  5     5     2     32.0261   4.9209
  5     5     3     -1.6914   0.1000
  5     5     4      9.6915   0.1000
  5     5     5      3.2765   0.0857
  5     5     6     21.0041   5.6596
  5     6     1      3.0153   0.0434
  5     6     2     41.5714   2.8660
  5     6     3      0.6821   0.1000
  5     6     4      1.0310   0.1000
  5     6     5      2.7170   0.0434
  5     6     6     34.8198   2.8660
  5     7     1      2.8272   0.0434
  5     7     2     29.9417   2.8660
  5     7     3      1.4862   0.1000
  5     7     4      0.2592   0.1000
  5     7     5      2.5037   0.0434
  5     7     6     41.1113   2.8660
  5     8     1      2.6614   0.0434
  5     8     2     26.5850   2.8660
  5     8     3      0.8452   0.1000
  5     8     4     -0.4733   0.1000
  5     8     5      2.5873   0.0434
  5     8     6     25.4066   2.8660
  5     9     1      2.4595   0.0434
  5     9     2     26.8239   2.8660
  5     9     3      0.2391   0.1000
  5     9     4      0.0316   0.1000
  5     9     5      2.2459   0.0434
  5     9     6     27.4266   2.8660
  5     10    1      2.2424   0.0434
  5     10    2     21.9662   2.8660
  5     10    3      0.0676   0.1000
  5     10    4     -0.0760   0.1000
  5     10    5      2.1087   0.0434
  5     10    6     33.5159   2.8660
  6     8     1      2.7722   0.0434
  6     8     2     28.2021   2.8660
  6     8     3      0.1539   0.1000
  6     8     4      0.0553   0.1000
  6     8     5      2.7475   0.0434
  6     8     6     30.3966   2.8660
  6     9     1      2.5432   0.0434
  6     9     2     28.5146   2.8660
  6     9     3      0.3127   0.1000
  6     9     4     -0.0300   0.1000
  6     9     5      2.4558   0.0434
  6     9     6     27.5734   2.8660
  6     10    1      2.2923   0.0434
  6     10    2     24.8956   2.8660
  6     10    3      0.0762   0.1000
  6     10    4     -0.1169   0.1000
  6     10    5      2.2394   0.0434
  6     10    6     28.0852   2.8660
  7     8     1      2.6779   0.0434
  7     8     2     27.7620   2.8660
  7     8     3      0.3080   0.1000
  7     8     4      0.0056   0.1000
  7     8     5      2.9652   0.0434
  7     8     6     29.7315   2.8660
  7     9     1      2.4301   0.0434
  7     9     2     29.3287   2.8660
  7     9     3      0.3071   0.1000
  7     9     4      0.0167   0.1000
  7     9     5      2.6706   0.0434
  7     9     6     26.8641   2.8660
  7     10    1      2.2089   0.0434
  7     10    2     21.4467   2.8660
  7     10    3     -0.0206   0.1000
  7     10    4     -0.0445   0.1000
  7     10    5      2.4575   0.0434
  7     10    6     22.4944   2.8660
  8     8     1      2.6173   0.0434
  8     8     2     27.5397   2.8660
  8     8     3      0.2916   0.1000
  8     8     4     -0.0147   0.1000
  8     8     5      2.6616   0.0434
  8     8     6     30.3981   2.8660
  8     9     1      2.3597   0.0434
  8     9     2     29.1293   2.8660
  8     9     3      0.2967   0.1000
  8     9     4     -0.0082   0.1000
  8     9     5      2.3584   0.0434
  8     9     6     27.0686   2.8660
  8     10    1      2.2065   0.0434
  8     10    2     21.6007   2.8660
  8     10    3      0.0208   0.1000
  8     10    4     -0.0742   0.1000
  8     10    5      2.1737   0.0434
  8     10    6     24.7753   2.8660
  9     8     1      3.3593   0.0434
  9     8     2     27.9292   2.8660
  9     8     3      0.1724   0.1000
  9     8     4      0.0890   0.1000
  9     8     5      2.6081   0.0434
  9     8     6     30.2855   2.8660
  9     9     1      3.1517   0.0434
  9     9     2     30.7272   2.8660
  9     9     3      0.2778   0.1000
  9     9     4      0.2109   0.1000
  9     9     5      2.2878   0.0434
  9     9     6     25.6833   2.8660
  9     10    1      3.0159   0.0434
  9     10    2     25.1788   2.8660
  9     10    3     -0.2642   0.1000
  9     10    4     -0.0534   0.1000
  9     10    5      1.9043   0.0434
  9     10    6     14.1107   2.8660
  10    8     1      3.0623   0.0434
  10    8     2     28.1195   2.8660
  10    8     3      0.2395   0.1000
  10    8     4      0.0062   0.1000
  10    8     5      3.1985   0.0434
  10    8     6     29.9373   2.8660
  10    9     1      2.8535   0.0434
  10    9     2     33.3473   2.8660
  10    9     3      0.2626   0.1000
  10    9     4      0.0659   0.1000
  10    9     5      2.9051   0.0434
  10    9     6     28.2793   2.8660
  10    10    1      2.6343   0.0434
  10    10    2     27.6841   2.8660
  10    10    3     -0.0307   0.1000
  10    10    4     -0.1036   0.1000
  10    10    5      2.3457   0.0434
  10    10    6     15.7712   2.8660
  11    9     1      2.1318   0.0434
  11    9     2     32.6368   2.8660
  11    9     3      0.2037   0.1000
  11    9     4      0.0175   0.1000
  11    9     5      2.4159   0.0434
  11    9     6     26.7468   2.8660
  11    10    1      1.8832   0.0434
  11    10    2     26.8870   2.8660
  11    10    3      0.1117   0.1000
  11    10    4     -0.1488   0.1000
  11    10    5      2.2479   0.0434
  11    10    6     15.0972   2.8660
  12    8     1      2.9580   0.0434
  12    8     2     28.4496   2.8660
  12    8     3      0.2172   0.1000
  12    8     4      0.0395   0.1000
  12    8     5      3.0937   0.0434
  12    8     6     30.5760   2.8660
  12    9     1      2.7730   0.0434
  12    9     2     33.1853   2.8660
  12    9     3      0.1858   0.1000
  12    9     4      0.0210   0.1000
  12    9     5      2.7924   0.0434
  12    9     6     31.6670   2.8660
  12    10    1      2.5426   0.0434
  12    10    2     28.1023   2.8660
  12    10    3     -0.1165   0.1000
  12    10    4     -0.1131   0.1000
  12    10    5      2.3091   0.0434
  12    10    6     21.6110   2.8660
  13    4     1      3.2346   0.0989
  13    4     2     49.2971   6.5386
  13    4     3      4.6453   0.1000
  13    4     4     -1.2844   0.1000
  13    4     5      2.7800   0.1570
  13    4     6     43.9886  10.4167
  13    5     1      3.6899   0.0656
  13    5     2     46.1623   4.3283
  13    5     3      3.7854   0.1000
  13    5     4     22.9006   0.1000
  13    5     5      3.4573   0.0478
  13    5     6     41.9134   3.1561
  13    6     1      3.3381   0.0434
  13    6     2     47.1359   2.8660
  13    6     3      1.5450   0.1000
  13    6     4      1.8500   0.1000
  13    6     5      3.4157   0.0434
  13    6     6     32.2315   2.8660
  13    7     1      3.3489   0.0434
  13    7     2     26.7455   2.8660
  13    7     3      0.3597   0.1000
  13    7     4      0.3050   0.1000
  13    7     5      3.3542   0.0434
  13    7     6     40.1639   2.8660
  13    8     1      3.0449   0.0434
  13    8     2     28.7987   2.8660
  13    8     3     -0.5162   0.1000
  13    8     4      0.1877   0.1000
  13    8     5      3.2919   0.0434
  13    8     6     26.2232   2.8660
  13    9     1      2.7556   0.0434
  13    9     2     32.5735   2.8660
  13    9     3      1.5672   0.1000
  13    9     4      0.6362   0.1000
  13    9     5      2.8659   0.0434
  13    9     6     39.2898   2.8660
  13    10    1      2.4567   0.0434
  13    10    2     21.5518   2.8660
  13    10    3      0.0886   0.1000
  13    10    4     -0.1997   0.1000
  13    10    5      2.5986   0.0434
  13    10    6     33.6828   2.8660
