Format:           OCCAM2MTMOD_1.0
Model Name:       MODEL MADE BY MTPY.MODELING.OCCAM2D
Description:      SIMPLE INVERSION
Mesh File:        Occam2DMesh
Mesh Type:        PW2D
Statics File:     none
Prejudice File:   none
Binding Offset:      0.0
Num Layers:         85
     2     4
    7   22    4    7
     1     4
    7   22    4    7
     1     4
    7   22    4    7
     1     4
    7   22    4    7
     1     4
    7   22    4    7
     1     4
    7   22    4    7
     1     4
    7   22    4    7
     1     4
    7   22    4    7
     1     4
    7   22    4    7
     1     4
    7   22    4    7
     1     4
    7   22    4    7
     1     4
    7   22    4    7
     1     4
    7   22    4    7
     1     4
    7   22    4    7
     1     4
    7   22    4    7
     1     4
    7   22    4    7
     1     4
    7   22    4    7
     1     4
    7   22    4    7
     1     4
    7   22    4    7
     1     4
    7   22    4    7
     1     3
    7   26    7
     1     3
    7   26    7
     1     3
    7   26    7
     1     3
    7   26    7
     1     3
    7   26    7
     1     3
    7   26    7
     1     3
    7   26    7
     1     3
    7   26    7
     1     3
    7   26    7
     1     3
    7   26    7
     1     3
    7   26    7
     1     3
    7   26    7
     1     3
    7   26    7
     1     3
    7   26    7
     1     3
    7   26    7
     1     3
    7   26    7
     1     3
    7   26    7
     1     3
    7   26    7
     1     3
    7   26    7
     1     3
    7   26    7
     1     3
    7   26    7
     1     3
    7   26    7
     1     3
    7   26    7
     1     3
    7   26    7
     1     3
    7   26    7
     1     3
    7   26    7
     1     3
    7   26    7
     1     3
    7   26    7
     1     3
    7   26    7
     1     3
    7   26    7
     1     3
    7   26    7
     1     3
    7   26    7
     1     3
    7   26    7
     1     3
    7   26    7
     1     3
    7   26    7
     1     3
    7   26    7
     1     3
    7   26    7
     1     3
    7   26    7
     1     3
    7   26    7
     1     3
    7   26    7
     1     3
    7   26    7
     1     3
    7   26    7
     1     3
    7   26    7
     1     3
    7   26    7
     1     3
    7   26    7
     1     3
    7   26    7
     1     3
    7   26    7
     1     3
    7   26    7
     1     3
    7   26    7
     1     3
    7   26    7
     1     3
    7   26    7
     1     3
    7   26    7
     1     3
    7   26    7
     1     3
    7   26    7
     1     3
    7   26    7
     1     3
    7   26    7
     1     3
    7   26    7
     1     3
    7   26    7
     1     3
    7   26    7
     1     3
    7   26    7
     1     3
    7   26    7
     1     3
    7   26    7
     1     3
    7   26    7
     1     3
    7   26    7
     5     3
    7   26    7
NO. EXCEPTIONS:   0
