Format:             OCCAMITER_FLEX
Description:        startup created by mtpy
Model File:         Occam2DModel
Data File:          OccamDataFile.dat
Date/Time:          Fri Mar 12 23:38:36 2021
Iterations to run:  100
Target Misfit:      1.2
Roughness Type:     1
Diagonal Penalties: 0
Stepsize Cut Count: 8
!Model Limits:      none
!Model Value Steps: none
Debug Level:        1
Iteration:          0
Lagrange Value:     5.0
Roughness Value:    10000000000.0
Misfit Value:       1000
Misfit Reached:     0
Param Count:        275
  2.0000    2.0000    2.0000    2.0000  
  2.0000    2.0000    2.0000    2.0000  
  2.0000    2.0000    2.0000    2.0000  
  2.0000    2.0000    2.0000    2.0000  
  2.0000    2.0000    2.0000    2.0000  
  2.0000    2.0000    2.0000    2.0000  
  2.0000    2.0000    2.0000    2.0000  
  2.0000    2.0000    2.0000    2.0000  
  2.0000    2.0000    2.0000    2.0000  
  2.0000    2.0000    2.0000    2.0000  
  2.0000    2.0000    2.0000    2.0000  
  2.0000    2.0000    2.0000    2.0000  
  2.0000    2.0000    2.0000    2.0000  
  2.0000    2.0000    2.0000    2.0000  
  2.0000    2.0000    2.0000    2.0000  
  2.0000    2.0000    2.0000    2.0000  
  2.0000    2.0000    2.0000    2.0000  
  2.0000    2.0000    2.0000    2.0000  
  2.0000    2.0000    2.0000    2.0000  
  2.0000    2.0000    2.0000    2.0000  
  2.0000    2.0000    2.0000    2.0000  
  2.0000    2.0000    2.0000    2.0000  
  2.0000    2.0000    2.0000    2.0000  
  2.0000    2.0000    2.0000    2.0000  
  2.0000    2.0000    2.0000    2.0000  
  2.0000    2.0000    2.0000    2.0000  
  2.0000    2.0000    2.0000    2.0000  
  2.0000    2.0000    2.0000    2.0000  
  2.0000    2.0000    2.0000    2.0000  
  2.0000    2.0000    2.0000    2.0000  
  2.0000    2.0000    2.0000    2.0000  
  2.0000    2.0000    2.0000    2.0000  
  2.0000    2.0000    2.0000    2.0000  
  2.0000    2.0000    2.0000    2.0000  
  2.0000    2.0000    2.0000    2.0000  
  2.0000    2.0000    2.0000    2.0000  
  2.0000    2.0000    2.0000    2.0000  
  2.0000    2.0000    2.0000    2.0000  
  2.0000    2.0000    2.0000    2.0000  
  2.0000    2.0000    2.0000    2.0000  
  2.0000    2.0000    2.0000    2.0000  
  2.0000    2.0000    2.0000    2.0000  
  2.0000    2.0000    2.0000    2.0000  
  2.0000    2.0000    2.0000    2.0000  
  2.0000    2.0000    2.0000    2.0000  
  2.0000    2.0000    2.0000    2.0000  
  2.0000    2.0000    2.0000    2.0000  
  2.0000    2.0000    2.0000    2.0000  
  2.0000    2.0000    2.0000    2.0000  
  2.0000    2.0000    2.0000    2.0000  
  2.0000    2.0000    2.0000    2.0000  
  2.0000    2.0000    2.0000    2.0000  
  2.0000    2.0000    2.0000    2.0000  
  2.0000    2.0000    2.0000    2.0000  
  2.0000    2.0000    2.0000    2.0000  
  2.0000    2.0000    2.0000    2.0000  
  2.0000    2.0000    2.0000    2.0000  
  2.0000    2.0000    2.0000    2.0000  
  2.0000    2.0000    2.0000    2.0000  
  2.0000    2.0000    2.0000    2.0000  
  2.0000    2.0000    2.0000    2.0000  
  2.0000    2.0000    2.0000    2.0000  
  2.0000    2.0000    2.0000    2.0000  
  2.0000    2.0000    2.0000    2.0000  
  2.0000    2.0000    2.0000    2.0000  
  2.0000    2.0000    2.0000    2.0000  
  2.0000    2.0000    2.0000    2.0000  
  2.0000    2.0000    2.0000    2.0000  
  2.0000    2.0000    2.0000  
